464
1680
TOPO_TYPE: auto.txt
EDGE_NODES:144 145 146 147 148 149 150 151 152 153 154 155 156 157 158 159 160 161 162 163 164 165 166 167 168 169 170 171 172 173 174 175 176 177 178 179 180 181 182 183 184 185 186 187 188 189 190 191 192 193 194 195 196 197 198 199 200 201 202 203 204 205 206 207 208 209 210 211 212 213 214 215 216 217 218 219 220 221 222 223 224 225 226 227 228 229 230 231 232 233 234 235 236 237 238 239 240 241 242 243 244 245 246 247 248 249 250 251 252 253 254 255 256 257 258 259 260 261 262 263 264 265 266 267 268 269 270 271 272 273 274 275 276 277 278 279 280 281 282 283 284 285 286 287 288 289 290 291 292 293 294 295 296 297 298 299 300 301 302 303 304 305 306 307 308 309 310 311 312 313 314 315 316 317 318 319 320 321 322 323 324 325 326 327 328 329 330 331 332 333 334 335 336 337 338 339 340 341 342 343 344 345 346 347 348 349 350 351 352 353 354 355 356 357 358 359 360 361 362 363 364 365 366 367 368 369 370 371 372 373 374 375 376 377 378 379 380 381 382 383 384 385 386 387 388 389 390 391 392 393 394 395 396 397 398 399 400 401 402 403 404 405 406 407 408 409 410 411 412 413 414 415 416 417 418 419 420 421 422 423 424 425 426 427 428 429 430 431 432 433 434 435 436 437 438 439 440 441 442 443 444 445 446 447 448 449 450 451 452 453 454 455 456 457 458 459 460 461 462 463 
0 64 25
0 80 25
0 96 25
0 112 25
0 128 25
1 65 25
1 81 25
1 97 25
1 113 25
1 129 25
2 66 25
2 82 25
2 98 25
2 114 25
2 130 25
3 67 25
3 83 25
3 99 25
3 115 25
3 131 25
4 68 25
4 84 25
4 100 25
4 116 25
4 132 25
5 69 25
5 85 25
5 101 25
5 117 25
5 133 25
6 70 25
6 86 25
6 102 25
6 118 25
6 134 25
7 71 25
7 87 25
7 103 25
7 119 25
7 135 25
8 72 25
8 88 25
8 104 25
8 120 25
8 136 25
9 73 25
9 89 25
9 105 25
9 121 25
9 137 25
10 74 25
10 90 25
10 106 25
10 122 25
10 138 25
11 75 25
11 91 25
11 107 25
11 123 25
11 139 25
12 76 25
12 92 25
12 108 25
12 124 25
12 140 25
13 77 25
13 93 25
13 109 25
13 125 25
13 141 25
14 78 25
14 94 25
14 110 25
14 126 25
14 142 25
15 79 25
15 95 25
15 111 25
15 127 25
15 143 25
16 64 25
16 80 25
16 96 25
16 112 25
16 128 25
17 65 25
17 81 25
17 97 25
17 113 25
17 129 25
18 66 25
18 82 25
18 98 25
18 114 25
18 130 25
19 67 25
19 83 25
19 99 25
19 115 25
19 131 25
20 68 25
20 84 25
20 100 25
20 116 25
20 132 25
21 69 25
21 85 25
21 101 25
21 117 25
21 133 25
22 70 25
22 86 25
22 102 25
22 118 25
22 134 25
23 71 25
23 87 25
23 103 25
23 119 25
23 135 25
24 72 25
24 88 25
24 104 25
24 120 25
24 136 25
25 73 25
25 89 25
25 105 25
25 121 25
25 137 25
26 74 25
26 90 25
26 106 25
26 122 25
26 138 25
27 75 25
27 91 25
27 107 25
27 123 25
27 139 25
28 76 25
28 92 25
28 108 25
28 124 25
28 140 25
29 77 25
29 93 25
29 109 25
29 125 25
29 141 25
30 78 25
30 94 25
30 110 25
30 126 25
30 142 25
31 79 25
31 95 25
31 111 25
31 127 25
31 143 25
32 64 25
32 80 25
32 96 25
32 112 25
32 128 25
33 65 25
33 81 25
33 97 25
33 113 25
33 129 25
34 66 25
34 82 25
34 98 25
34 114 25
34 130 25
35 67 25
35 83 25
35 99 25
35 115 25
35 131 25
36 68 25
36 84 25
36 100 25
36 116 25
36 132 25
37 69 25
37 85 25
37 101 25
37 117 25
37 133 25
38 70 25
38 86 25
38 102 25
38 118 25
38 134 25
39 71 25
39 87 25
39 103 25
39 119 25
39 135 25
40 72 25
40 88 25
40 104 25
40 120 25
40 136 25
41 73 25
41 89 25
41 105 25
41 121 25
41 137 25
42 74 25
42 90 25
42 106 25
42 122 25
42 138 25
43 75 25
43 91 25
43 107 25
43 123 25
43 139 25
44 76 25
44 92 25
44 108 25
44 124 25
44 140 25
45 77 25
45 93 25
45 109 25
45 125 25
45 141 25
46 78 25
46 94 25
46 110 25
46 126 25
46 142 25
47 79 25
47 95 25
47 111 25
47 127 25
47 143 25
48 64 25
48 80 25
48 96 25
48 112 25
48 128 25
49 65 25
49 81 25
49 97 25
49 113 25
49 129 25
50 66 25
50 82 25
50 98 25
50 114 25
50 130 25
51 67 25
51 83 25
51 99 25
51 115 25
51 131 25
52 68 25
52 84 25
52 100 25
52 116 25
52 132 25
53 69 25
53 85 25
53 101 25
53 117 25
53 133 25
54 70 25
54 86 25
54 102 25
54 118 25
54 134 25
55 71 25
55 87 25
55 103 25
55 119 25
55 135 25
56 72 25
56 88 25
56 104 25
56 120 25
56 136 25
57 73 25
57 89 25
57 105 25
57 121 25
57 137 25
58 74 25
58 90 25
58 106 25
58 122 25
58 138 25
59 75 25
59 91 25
59 107 25
59 123 25
59 139 25
60 76 25
60 92 25
60 108 25
60 124 25
60 140 25
61 77 25
61 93 25
61 109 25
61 125 25
61 141 25
62 78 25
62 94 25
62 110 25
62 126 25
62 142 25
63 79 25
63 95 25
63 111 25
63 127 25
63 143 25
64 66 25
64 67 25
65 66 25
65 67 25
68 70 25
68 71 25
69 70 25
69 71 25
72 74 25
72 75 25
73 74 25
73 75 25
76 78 25
76 79 25
77 78 25
77 79 25
80 82 25
80 83 25
81 82 25
81 83 25
84 86 25
84 87 25
85 86 25
85 87 25
88 90 25
88 91 25
89 90 25
89 91 25
92 94 25
92 95 25
93 94 25
93 95 25
96 98 25
96 99 25
97 98 25
97 99 25
100 102 25
100 103 25
101 102 25
101 103 25
104 106 25
104 107 25
105 106 25
105 107 25
108 110 25
108 111 25
109 110 25
109 111 25
112 114 25
112 115 25
113 114 25
113 115 25
116 118 25
116 119 25
117 118 25
117 119 25
120 122 25
120 123 25
121 122 25
121 123 25
124 126 25
124 127 25
125 126 25
125 127 25
128 130 25
128 131 25
129 130 25
129 131 25
132 134 25
132 135 25
133 134 25
133 135 25
136 138 25
136 139 25
137 138 25
137 139 25
140 142 25
140 143 25
141 142 25
141 143 25
66 144 100
66 145 100
66 146 100
66 147 100
70 144 100
70 145 100
70 146 100
70 147 100
74 144 100
74 145 100
74 146 100
74 147 100
78 144 100
78 145 100
78 146 100
78 147 100
66 148 100
66 149 100
66 150 100
66 151 100
70 148 100
70 149 100
70 150 100
70 151 100
74 148 100
74 149 100
74 150 100
74 151 100
78 148 100
78 149 100
78 150 100
78 151 100
66 152 100
66 153 100
66 154 100
66 155 100
70 152 100
70 153 100
70 154 100
70 155 100
74 152 100
74 153 100
74 154 100
74 155 100
78 152 100
78 153 100
78 154 100
78 155 100
66 156 100
66 157 100
66 158 100
66 159 100
70 156 100
70 157 100
70 158 100
70 159 100
74 156 100
74 157 100
74 158 100
74 159 100
78 156 100
78 157 100
78 158 100
78 159 100
66 160 100
66 161 100
66 162 100
66 163 100
70 160 100
70 161 100
70 162 100
70 163 100
74 160 100
74 161 100
74 162 100
74 163 100
78 160 100
78 161 100
78 162 100
78 163 100
66 164 100
66 165 100
66 166 100
66 167 100
70 164 100
70 165 100
70 166 100
70 167 100
74 164 100
74 165 100
74 166 100
74 167 100
78 164 100
78 165 100
78 166 100
78 167 100
66 168 100
66 169 100
66 170 100
66 171 100
70 168 100
70 169 100
70 170 100
70 171 100
74 168 100
74 169 100
74 170 100
74 171 100
78 168 100
78 169 100
78 170 100
78 171 100
66 172 100
66 173 100
66 174 100
66 175 100
70 172 100
70 173 100
70 174 100
70 175 100
74 172 100
74 173 100
74 174 100
74 175 100
78 172 100
78 173 100
78 174 100
78 175 100
67 176 100
67 177 100
67 178 100
67 179 100
71 176 100
71 177 100
71 178 100
71 179 100
75 176 100
75 177 100
75 178 100
75 179 100
79 176 100
79 177 100
79 178 100
79 179 100
67 180 100
67 181 100
67 182 100
67 183 100
71 180 100
71 181 100
71 182 100
71 183 100
75 180 100
75 181 100
75 182 100
75 183 100
79 180 100
79 181 100
79 182 100
79 183 100
67 184 100
67 185 100
67 186 100
67 187 100
71 184 100
71 185 100
71 186 100
71 187 100
75 184 100
75 185 100
75 186 100
75 187 100
79 184 100
79 185 100
79 186 100
79 187 100
67 188 100
67 189 100
67 190 100
67 191 100
71 188 100
71 189 100
71 190 100
71 191 100
75 188 100
75 189 100
75 190 100
75 191 100
79 188 100
79 189 100
79 190 100
79 191 100
67 192 100
67 193 100
67 194 100
67 195 100
71 192 100
71 193 100
71 194 100
71 195 100
75 192 100
75 193 100
75 194 100
75 195 100
79 192 100
79 193 100
79 194 100
79 195 100
67 196 100
67 197 100
67 198 100
67 199 100
71 196 100
71 197 100
71 198 100
71 199 100
75 196 100
75 197 100
75 198 100
75 199 100
79 196 100
79 197 100
79 198 100
79 199 100
67 200 100
67 201 100
67 202 100
67 203 100
71 200 100
71 201 100
71 202 100
71 203 100
75 200 100
75 201 100
75 202 100
75 203 100
79 200 100
79 201 100
79 202 100
79 203 100
67 204 100
67 205 100
67 206 100
67 207 100
71 204 100
71 205 100
71 206 100
71 207 100
75 204 100
75 205 100
75 206 100
75 207 100
79 204 100
79 205 100
79 206 100
79 207 100
82 208 100
82 209 100
82 210 100
82 211 100
86 208 100
86 209 100
86 210 100
86 211 100
90 208 100
90 209 100
90 210 100
90 211 100
94 208 100
94 209 100
94 210 100
94 211 100
82 212 100
82 213 100
82 214 100
82 215 100
86 212 100
86 213 100
86 214 100
86 215 100
90 212 100
90 213 100
90 214 100
90 215 100
94 212 100
94 213 100
94 214 100
94 215 100
82 216 100
82 217 100
82 218 100
82 219 100
86 216 100
86 217 100
86 218 100
86 219 100
90 216 100
90 217 100
90 218 100
90 219 100
94 216 100
94 217 100
94 218 100
94 219 100
82 220 100
82 221 100
82 222 100
82 223 100
86 220 100
86 221 100
86 222 100
86 223 100
90 220 100
90 221 100
90 222 100
90 223 100
94 220 100
94 221 100
94 222 100
94 223 100
82 224 100
82 225 100
82 226 100
82 227 100
86 224 100
86 225 100
86 226 100
86 227 100
90 224 100
90 225 100
90 226 100
90 227 100
94 224 100
94 225 100
94 226 100
94 227 100
82 228 100
82 229 100
82 230 100
82 231 100
86 228 100
86 229 100
86 230 100
86 231 100
90 228 100
90 229 100
90 230 100
90 231 100
94 228 100
94 229 100
94 230 100
94 231 100
82 232 100
82 233 100
82 234 100
82 235 100
86 232 100
86 233 100
86 234 100
86 235 100
90 232 100
90 233 100
90 234 100
90 235 100
94 232 100
94 233 100
94 234 100
94 235 100
82 236 100
82 237 100
82 238 100
82 239 100
86 236 100
86 237 100
86 238 100
86 239 100
90 236 100
90 237 100
90 238 100
90 239 100
94 236 100
94 237 100
94 238 100
94 239 100
83 240 100
83 241 100
83 242 100
83 243 100
87 240 100
87 241 100
87 242 100
87 243 100
91 240 100
91 241 100
91 242 100
91 243 100
95 240 100
95 241 100
95 242 100
95 243 100
83 244 100
83 245 100
83 246 100
83 247 100
87 244 100
87 245 100
87 246 100
87 247 100
91 244 100
91 245 100
91 246 100
91 247 100
95 244 100
95 245 100
95 246 100
95 247 100
83 248 100
83 249 100
83 250 100
83 251 100
87 248 100
87 249 100
87 250 100
87 251 100
91 248 100
91 249 100
91 250 100
91 251 100
95 248 100
95 249 100
95 250 100
95 251 100
83 252 100
83 253 100
83 254 100
83 255 100
87 252 100
87 253 100
87 254 100
87 255 100
91 252 100
91 253 100
91 254 100
91 255 100
95 252 100
95 253 100
95 254 100
95 255 100
83 256 100
83 257 100
83 258 100
83 259 100
87 256 100
87 257 100
87 258 100
87 259 100
91 256 100
91 257 100
91 258 100
91 259 100
95 256 100
95 257 100
95 258 100
95 259 100
83 260 100
83 261 100
83 262 100
83 263 100
87 260 100
87 261 100
87 262 100
87 263 100
91 260 100
91 261 100
91 262 100
91 263 100
95 260 100
95 261 100
95 262 100
95 263 100
83 264 100
83 265 100
83 266 100
83 267 100
87 264 100
87 265 100
87 266 100
87 267 100
91 264 100
91 265 100
91 266 100
91 267 100
95 264 100
95 265 100
95 266 100
95 267 100
83 268 100
83 269 100
83 270 100
83 271 100
87 268 100
87 269 100
87 270 100
87 271 100
91 268 100
91 269 100
91 270 100
91 271 100
95 268 100
95 269 100
95 270 100
95 271 100
98 272 100
98 273 100
98 274 100
98 275 100
102 272 100
102 273 100
102 274 100
102 275 100
106 272 100
106 273 100
106 274 100
106 275 100
110 272 100
110 273 100
110 274 100
110 275 100
98 276 100
98 277 100
98 278 100
98 279 100
102 276 100
102 277 100
102 278 100
102 279 100
106 276 100
106 277 100
106 278 100
106 279 100
110 276 100
110 277 100
110 278 100
110 279 100
98 280 100
98 281 100
98 282 100
98 283 100
102 280 100
102 281 100
102 282 100
102 283 100
106 280 100
106 281 100
106 282 100
106 283 100
110 280 100
110 281 100
110 282 100
110 283 100
98 284 100
98 285 100
98 286 100
98 287 100
102 284 100
102 285 100
102 286 100
102 287 100
106 284 100
106 285 100
106 286 100
106 287 100
110 284 100
110 285 100
110 286 100
110 287 100
98 288 100
98 289 100
98 290 100
98 291 100
102 288 100
102 289 100
102 290 100
102 291 100
106 288 100
106 289 100
106 290 100
106 291 100
110 288 100
110 289 100
110 290 100
110 291 100
98 292 100
98 293 100
98 294 100
98 295 100
102 292 100
102 293 100
102 294 100
102 295 100
106 292 100
106 293 100
106 294 100
106 295 100
110 292 100
110 293 100
110 294 100
110 295 100
98 296 100
98 297 100
98 298 100
98 299 100
102 296 100
102 297 100
102 298 100
102 299 100
106 296 100
106 297 100
106 298 100
106 299 100
110 296 100
110 297 100
110 298 100
110 299 100
98 300 100
98 301 100
98 302 100
98 303 100
102 300 100
102 301 100
102 302 100
102 303 100
106 300 100
106 301 100
106 302 100
106 303 100
110 300 100
110 301 100
110 302 100
110 303 100
99 304 100
99 305 100
99 306 100
99 307 100
103 304 100
103 305 100
103 306 100
103 307 100
107 304 100
107 305 100
107 306 100
107 307 100
111 304 100
111 305 100
111 306 100
111 307 100
99 308 100
99 309 100
99 310 100
99 311 100
103 308 100
103 309 100
103 310 100
103 311 100
107 308 100
107 309 100
107 310 100
107 311 100
111 308 100
111 309 100
111 310 100
111 311 100
99 312 100
99 313 100
99 314 100
99 315 100
103 312 100
103 313 100
103 314 100
103 315 100
107 312 100
107 313 100
107 314 100
107 315 100
111 312 100
111 313 100
111 314 100
111 315 100
99 316 100
99 317 100
99 318 100
99 319 100
103 316 100
103 317 100
103 318 100
103 319 100
107 316 100
107 317 100
107 318 100
107 319 100
111 316 100
111 317 100
111 318 100
111 319 100
99 320 100
99 321 100
99 322 100
99 323 100
103 320 100
103 321 100
103 322 100
103 323 100
107 320 100
107 321 100
107 322 100
107 323 100
111 320 100
111 321 100
111 322 100
111 323 100
99 324 100
99 325 100
99 326 100
99 327 100
103 324 100
103 325 100
103 326 100
103 327 100
107 324 100
107 325 100
107 326 100
107 327 100
111 324 100
111 325 100
111 326 100
111 327 100
99 328 100
99 329 100
99 330 100
99 331 100
103 328 100
103 329 100
103 330 100
103 331 100
107 328 100
107 329 100
107 330 100
107 331 100
111 328 100
111 329 100
111 330 100
111 331 100
99 332 100
99 333 100
99 334 100
99 335 100
103 332 100
103 333 100
103 334 100
103 335 100
107 332 100
107 333 100
107 334 100
107 335 100
111 332 100
111 333 100
111 334 100
111 335 100
114 336 100
114 337 100
114 338 100
114 339 100
118 336 100
118 337 100
118 338 100
118 339 100
122 336 100
122 337 100
122 338 100
122 339 100
126 336 100
126 337 100
126 338 100
126 339 100
114 340 100
114 341 100
114 342 100
114 343 100
118 340 100
118 341 100
118 342 100
118 343 100
122 340 100
122 341 100
122 342 100
122 343 100
126 340 100
126 341 100
126 342 100
126 343 100
114 344 100
114 345 100
114 346 100
114 347 100
118 344 100
118 345 100
118 346 100
118 347 100
122 344 100
122 345 100
122 346 100
122 347 100
126 344 100
126 345 100
126 346 100
126 347 100
114 348 100
114 349 100
114 350 100
114 351 100
118 348 100
118 349 100
118 350 100
118 351 100
122 348 100
122 349 100
122 350 100
122 351 100
126 348 100
126 349 100
126 350 100
126 351 100
114 352 100
114 353 100
114 354 100
114 355 100
118 352 100
118 353 100
118 354 100
118 355 100
122 352 100
122 353 100
122 354 100
122 355 100
126 352 100
126 353 100
126 354 100
126 355 100
114 356 100
114 357 100
114 358 100
114 359 100
118 356 100
118 357 100
118 358 100
118 359 100
122 356 100
122 357 100
122 358 100
122 359 100
126 356 100
126 357 100
126 358 100
126 359 100
114 360 100
114 361 100
114 362 100
114 363 100
118 360 100
118 361 100
118 362 100
118 363 100
122 360 100
122 361 100
122 362 100
122 363 100
126 360 100
126 361 100
126 362 100
126 363 100
114 364 100
114 365 100
114 366 100
114 367 100
118 364 100
118 365 100
118 366 100
118 367 100
122 364 100
122 365 100
122 366 100
122 367 100
126 364 100
126 365 100
126 366 100
126 367 100
115 368 100
115 369 100
115 370 100
115 371 100
119 368 100
119 369 100
119 370 100
119 371 100
123 368 100
123 369 100
123 370 100
123 371 100
127 368 100
127 369 100
127 370 100
127 371 100
115 372 100
115 373 100
115 374 100
115 375 100
119 372 100
119 373 100
119 374 100
119 375 100
123 372 100
123 373 100
123 374 100
123 375 100
127 372 100
127 373 100
127 374 100
127 375 100
115 376 100
115 377 100
115 378 100
115 379 100
119 376 100
119 377 100
119 378 100
119 379 100
123 376 100
123 377 100
123 378 100
123 379 100
127 376 100
127 377 100
127 378 100
127 379 100
115 380 100
115 381 100
115 382 100
115 383 100
119 380 100
119 381 100
119 382 100
119 383 100
123 380 100
123 381 100
123 382 100
123 383 100
127 380 100
127 381 100
127 382 100
127 383 100
115 384 100
115 385 100
115 386 100
115 387 100
119 384 100
119 385 100
119 386 100
119 387 100
123 384 100
123 385 100
123 386 100
123 387 100
127 384 100
127 385 100
127 386 100
127 387 100
115 388 100
115 389 100
115 390 100
115 391 100
119 388 100
119 389 100
119 390 100
119 391 100
123 388 100
123 389 100
123 390 100
123 391 100
127 388 100
127 389 100
127 390 100
127 391 100
115 392 100
115 393 100
115 394 100
115 395 100
119 392 100
119 393 100
119 394 100
119 395 100
123 392 100
123 393 100
123 394 100
123 395 100
127 392 100
127 393 100
127 394 100
127 395 100
115 396 100
115 397 100
115 398 100
115 399 100
119 396 100
119 397 100
119 398 100
119 399 100
123 396 100
123 397 100
123 398 100
123 399 100
127 396 100
127 397 100
127 398 100
127 399 100
130 400 100
130 401 100
130 402 100
130 403 100
134 400 100
134 401 100
134 402 100
134 403 100
138 400 100
138 401 100
138 402 100
138 403 100
142 400 100
142 401 100
142 402 100
142 403 100
130 404 100
130 405 100
130 406 100
130 407 100
134 404 100
134 405 100
134 406 100
134 407 100
138 404 100
138 405 100
138 406 100
138 407 100
142 404 100
142 405 100
142 406 100
142 407 100
130 408 100
130 409 100
130 410 100
130 411 100
134 408 100
134 409 100
134 410 100
134 411 100
138 408 100
138 409 100
138 410 100
138 411 100
142 408 100
142 409 100
142 410 100
142 411 100
130 412 100
130 413 100
130 414 100
130 415 100
134 412 100
134 413 100
134 414 100
134 415 100
138 412 100
138 413 100
138 414 100
138 415 100
142 412 100
142 413 100
142 414 100
142 415 100
130 416 100
130 417 100
130 418 100
130 419 100
134 416 100
134 417 100
134 418 100
134 419 100
138 416 100
138 417 100
138 418 100
138 419 100
142 416 100
142 417 100
142 418 100
142 419 100
130 420 100
130 421 100
130 422 100
130 423 100
134 420 100
134 421 100
134 422 100
134 423 100
138 420 100
138 421 100
138 422 100
138 423 100
142 420 100
142 421 100
142 422 100
142 423 100
130 424 100
130 425 100
130 426 100
130 427 100
134 424 100
134 425 100
134 426 100
134 427 100
138 424 100
138 425 100
138 426 100
138 427 100
142 424 100
142 425 100
142 426 100
142 427 100
130 428 100
130 429 100
130 430 100
130 431 100
134 428 100
134 429 100
134 430 100
134 431 100
138 428 100
138 429 100
138 430 100
138 431 100
142 428 100
142 429 100
142 430 100
142 431 100
131 432 100
131 433 100
131 434 100
131 435 100
135 432 100
135 433 100
135 434 100
135 435 100
139 432 100
139 433 100
139 434 100
139 435 100
143 432 100
143 433 100
143 434 100
143 435 100
131 436 100
131 437 100
131 438 100
131 439 100
135 436 100
135 437 100
135 438 100
135 439 100
139 436 100
139 437 100
139 438 100
139 439 100
143 436 100
143 437 100
143 438 100
143 439 100
131 440 100
131 441 100
131 442 100
131 443 100
135 440 100
135 441 100
135 442 100
135 443 100
139 440 100
139 441 100
139 442 100
139 443 100
143 440 100
143 441 100
143 442 100
143 443 100
131 444 100
131 445 100
131 446 100
131 447 100
135 444 100
135 445 100
135 446 100
135 447 100
139 444 100
139 445 100
139 446 100
139 447 100
143 444 100
143 445 100
143 446 100
143 447 100
131 448 100
131 449 100
131 450 100
131 451 100
135 448 100
135 449 100
135 450 100
135 451 100
139 448 100
139 449 100
139 450 100
139 451 100
143 448 100
143 449 100
143 450 100
143 451 100
131 452 100
131 453 100
131 454 100
131 455 100
135 452 100
135 453 100
135 454 100
135 455 100
139 452 100
139 453 100
139 454 100
139 455 100
143 452 100
143 453 100
143 454 100
143 455 100
131 456 100
131 457 100
131 458 100
131 459 100
135 456 100
135 457 100
135 458 100
135 459 100
139 456 100
139 457 100
139 458 100
139 459 100
143 456 100
143 457 100
143 458 100
143 459 100
131 460 100
131 461 100
131 462 100
131 463 100
135 460 100
135 461 100
135 462 100
135 463 100
139 460 100
139 461 100
139 462 100
139 463 100
143 460 100
143 461 100
143 462 100
143 463 100

